INFO: [SIM 2] *************** CSIM start ***************
INFO: [SIM 4] CSIM will launch GCC as the compiler.
   Compiling(apcc) ../../test.c in debug mode
INFO: [HLS 200-10] Running '/cad/xilinx/Vivado/2018.3/bin/unwrapped/lnx64.o/apcc'
INFO: [HLS 200-10] For user 'dmalvezzi' on host 'compute.eees.dei.unibo.it' (Linux_x86_64 version 3.10.0-957.21.3.el7.x86_64) on Wed Oct 23 13:31:03 CEST 2019
INFO: [HLS 200-10] On os "CentOS Linux release 7.6.1810 (Core) "
INFO: [HLS 200-10] In directory '/home/dmalvezzi/batch_align2d/hls/batch_align2d_hls/solution1/csim/build'
In file included from ../../test.c:2:
In file included from ../../../align2d.h:11:
In file included from ../../../datatypes.h:18:
In file included from /cad/xilinx/Vivado/2018.3/common/technology/autopilot/ap_cint.h:83:
In file included from /cad/xilinx/Vivado/2018.3/common/technology/autopilot/etc/autopilot_apint.h:57:
/cad/xilinx/Vivado/2018.3/common/technology/autopilot/etc/autopilot_dt.h:133:13: warning: 'bool' macro redefined
#    define bool uint1
            ^
/cad/xilinx/Vivado/2018.3/lnx64/tools/clang/bin/../lib/clang/3.1/include/stdbool.h:31:9: note: previous definition is here
#define bool _Bool
        ^
1 warning generated.
In file included from ../../test.c:2:
In file included from ../../../align2d.h:11:
In file included from ../../../datatypes.h:18:
In file included from /cad/xilinx/Vivado/2018.3/common/technology/autopilot/ap_cint.h:83:
In file included from /cad/xilinx/Vivado/2018.3/common/technology/autopilot/etc/autopilot_apint.h:57:
/cad/xilinx/Vivado/2018.3/common/technology/autopilot/etc/autopilot_dt.h:133:13: warning: 'bool' macro redefined
#    define bool uint1
            ^
/cad/xilinx/Vivado/2018.3/lnx64/tools/clang/bin/../lib/clang/3.1/include/stdbool.h:31:9: note: previous definition is here
#define bool _Bool
        ^
1 warning generated.
INFO: [APCC 202-3] Tmp directory is /tmp/apcc_db_dmalvezzi/1325461571830263419958
INFO: [APCC 202-1] APCC is done.
   Generating csim.exe
177 181 175 177 178 177 179 180 181 194 
153 173 192 188 183 178 172 169 164 171 
255 255 255 255 255 255 255 255 255 255 
156 168 177 182 186 188 191 190 198 197 
inv_hessian 
0.001754 -0.001397 -0.000170 
-0.001397 0.003011 -0.003245 
-0.000170 -0.003245 0.021663 
inv_hessian 
0.001754 -0.001397 -0.000170 
-0.001397 0.003011 -0.003245 
-0.000170 -0.003245 0.021663 

inv_hessian 
0.000019 -0.000004 -0.000264 
-0.000004 0.000108 -0.000564 
-0.000264 -0.000564 0.022935 
inv_hessian 
0.000019 -0.000004 -0.000264 
-0.000004 0.000108 -0.000564 
-0.000264 -0.000564 0.022935 

inv_hessian 
0.001292 -0.000158 0.000171 
-0.000158 0.000184 0.001371 
0.000171 0.001371 0.027427 
inv_hessian 
0.001292 -0.000158 0.000171 
-0.000158 0.000184 0.001371 
0.000171 0.001371 0.027427 

inv_hessian 
0.003100 0.000756 -0.004833 
0.000756 0.000458 -0.000568 
-0.004833 -0.000568 0.024515 
inv_hessian 
0.003100 0.000756 -0.004833 
0.000756 0.000458 -0.000568 
-0.004833 -0.000568 0.024515 

INFO: [SIM 1] CSim done with 0 errors.
INFO: [SIM 3] *************** CSIM finish ***************
